   1.0000000e+07   1.4806040e+00
   1.1000000e+07   1.4117005e+00
   1.2000000e+07   1.3516003e+00
   1.3000000e+07   1.2985756e+00
   1.4000000e+07   1.2513388e+00
   1.5000000e+07   1.2089081e+00
   1.6000000e+07   1.1705202e+00
   1.7000000e+07   1.1355714e+00
   1.8000000e+07   1.1035771e+00
   1.9000000e+07   1.0741430e+00
   2.0000000e+07   1.0469451e+00
   2.1000000e+07   1.0217138e+00
   2.2000000e+07   9.9822301e-01
   2.3000000e+07   9.7628136e-01
   2.4000000e+07   9.5572577e-01
   2.5000000e+07   9.3641618e-01
   2.6000000e+07   9.1823162e-01
   2.7000000e+07   9.0106689e-01
   2.8000000e+07   8.8483012e-01
   2.9000000e+07   8.6944060e-01
   3.0000000e+07   8.5482711e-01
   3.1000000e+07   8.4092656e-01
   3.2000000e+07   8.2768279e-01
   3.3000000e+07   8.1504567e-01
   3.4000000e+07   8.0297025e-01
   3.5000000e+07   7.9141612e-01
   3.6000000e+07   7.8034682e-01
   3.7000000e+07   7.6972936e-01
   3.8000000e+07   7.5953382e-01
   3.9000000e+07   7.4973297e-01
   4.0000000e+07   7.4030200e-01
   4.1000000e+07   7.3121819e-01
   4.2000000e+07   7.2246077e-01
   4.3000000e+07   7.1401065e-01
   4.4000000e+07   7.0585026e-01
   4.5000000e+07   6.9796341e-01
   4.6000000e+07   6.9033517e-01
   4.7000000e+07   6.8295169e-01
   4.8000000e+07   6.7580017e-01
   4.9000000e+07   6.6886870e-01
   5.0000000e+07   6.6214623e-01
   5.1000000e+07   6.5562247e-01
   5.2000000e+07   6.4928780e-01
   5.3000000e+07   6.4313328e-01
   5.4000000e+07   6.3715051e-01
   5.5000000e+07   6.3133166e-01
   5.6000000e+07   6.2566938e-01
   5.7000000e+07   6.2015677e-01
   5.8000000e+07   6.1478734e-01
   5.9000000e+07   6.0955502e-01
   6.0000000e+07   6.0445405e-01
   6.1000000e+07   5.9947903e-01
   6.2000000e+07   5.9462487e-01
   6.3000000e+07   5.8988675e-01
   6.4000000e+07   5.8526012e-01
   6.5000000e+07   5.8074066e-01
   6.6000000e+07   5.7632432e-01
   6.7000000e+07   5.7200723e-01
   6.8000000e+07   5.6778571e-01
   6.9000000e+07   5.6365631e-01
   7.0000000e+07   5.5961571e-01
   7.1000000e+07   5.5566078e-01
   7.2000000e+07   5.5178853e-01
   7.3000000e+07   5.4799612e-01
   7.4000000e+07   5.4428085e-01
   7.5000000e+07   5.4064014e-01
   7.6000000e+07   5.3707152e-01
   7.7000000e+07   5.3357264e-01
   7.8000000e+07   5.3014127e-01
   7.9000000e+07   5.2677526e-01
   8.0000000e+07   5.2347256e-01
   8.1000000e+07   5.2023121e-01
   8.2000000e+07   5.1704934e-01
   8.3000000e+07   5.1392515e-01
   8.4000000e+07   5.1085691e-01
   8.5000000e+07   5.0784298e-01
   8.6000000e+07   5.0488177e-01
   8.7000000e+07   5.0197176e-01
   8.8000000e+07   4.9911150e-01
   8.9000000e+07   4.9629959e-01
   9.0000000e+07   4.9353466e-01
   9.1000000e+07   4.9081544e-01
   9.2000000e+07   4.8814068e-01
   9.3000000e+07   4.8550917e-01
   9.4000000e+07   4.8291977e-01
   9.5000000e+07   4.8037137e-01
   9.6000000e+07   4.7786288e-01
   9.7000000e+07   4.7539329e-01
   9.8000000e+07   4.7296160e-01
   9.9000000e+07   4.7056684e-01
   1.0000000e+08   4.6820809e-01
   1.0100000e+08   4.6588446e-01
   1.0200000e+08   4.6359509e-01
   1.0300000e+08   4.6133914e-01
   1.0400000e+08   4.5911581e-01
   1.0500000e+08   4.5692431e-01
   1.0600000e+08   4.5476390e-01
   1.0700000e+08   4.5263385e-01
   1.0800000e+08   4.5053345e-01
   1.0900000e+08   4.4846202e-01
   1.1000000e+08   4.4641890e-01
   1.1100000e+08   4.4440345e-01
   1.1200000e+08   4.4241506e-01
   1.1300000e+08   4.4045312e-01
   1.1400000e+08   4.3851706e-01
   1.1500000e+08   4.3660630e-01
   1.1600000e+08   4.3472030e-01
   1.1700000e+08   4.3285853e-01
   1.1800000e+08   4.3102049e-01
   1.1900000e+08   4.2920565e-01
   1.2000000e+08   4.2741356e-01
   1.2100000e+08   4.2564372e-01
   1.2200000e+08   4.2389569e-01
   1.2300000e+08   4.2216902e-01
   1.2400000e+08   4.2046328e-01
   1.2500000e+08   4.1877805e-01
   1.2600000e+08   4.1711292e-01
   1.2700000e+08   4.1546750e-01
   1.2800000e+08   4.1384140e-01
   1.2900000e+08   4.1223424e-01
   1.3000000e+08   4.1064566e-01
   1.3100000e+08   4.0907531e-01
   1.3200000e+08   4.0752284e-01
   1.3300000e+08   4.0598790e-01
   1.3400000e+08   4.0447019e-01
   1.3500000e+08   4.0296937e-01
   1.3600000e+08   4.0148513e-01
   1.3700000e+08   4.0001717e-01
   1.3800000e+08   3.9856520e-01
   1.3900000e+08   3.9712892e-01
   1.4000000e+08   3.9570806e-01
   1.4100000e+08   3.9430234e-01
   1.4200000e+08   3.9291150e-01
   1.4300000e+08   3.9153528e-01
   1.4400000e+08   3.9017341e-01
   1.4500000e+08   3.8882566e-01
   1.4600000e+08   3.8749177e-01
   1.4700000e+08   3.8617153e-01
   1.4800000e+08   3.8486468e-01
   1.4900000e+08   3.8357101e-01
   1.5000000e+08   3.8229031e-01
   1.5100000e+08   3.8102234e-01
   1.5200000e+08   3.7976691e-01
   1.5300000e+08   3.7852381e-01
   1.5400000e+08   3.7729283e-01
   1.5500000e+08   3.7607379e-01
   1.5600000e+08   3.7486649e-01
   1.5700000e+08   3.7367074e-01
   1.5800000e+08   3.7248636e-01
   1.5900000e+08   3.7131317e-01
   1.6000000e+08   3.7015100e-01
   1.6100000e+08   3.6899967e-01
   1.6200000e+08   3.6785902e-01
   1.6300000e+08   3.6672888e-01
   1.6400000e+08   3.6560910e-01
   1.6500000e+08   3.6449951e-01
   1.6600000e+08   3.6339996e-01
   1.6700000e+08   3.6231030e-01
   1.6800000e+08   3.6123039e-01
   1.6900000e+08   3.6016007e-01
   1.7000000e+08   3.5909921e-01
   1.7100000e+08   3.5804768e-01
   1.7200000e+08   3.5700532e-01
   1.7300000e+08   3.5597202e-01
   1.7400000e+08   3.5494764e-01
   1.7500000e+08   3.5393205e-01
   1.7600000e+08   3.5292513e-01
   1.7700000e+08   3.5192675e-01
   1.7800000e+08   3.5093680e-01
   1.7900000e+08   3.4995516e-01
   1.8000000e+08   3.4898171e-01
   1.8100000e+08   3.4801633e-01
   1.8200000e+08   3.4705893e-01
   1.8300000e+08   3.4610938e-01
   1.8400000e+08   3.4516759e-01
   1.8500000e+08   3.4423344e-01
   1.8600000e+08   3.4330683e-01
   1.8700000e+08   3.4238767e-01
   1.8800000e+08   3.4147585e-01
   1.8900000e+08   3.4057127e-01
   1.9000000e+08   3.3967385e-01
   1.9100000e+08   3.3878349e-01
   1.9200000e+08   3.3790009e-01
   1.9300000e+08   3.3702356e-01
   1.9400000e+08   3.3615382e-01
   1.9500000e+08   3.3529078e-01
   1.9600000e+08   3.3443435e-01
   1.9700000e+08   3.3358445e-01
   1.9800000e+08   3.3274100e-01
   1.9900000e+08   3.3190392e-01
   2.0000000e+08   3.3107312e-01
   2.0100000e+08   3.3024853e-01
   2.0200000e+08   3.2943006e-01
   2.0300000e+08   3.2861766e-01
   2.0400000e+08   3.2781123e-01
   2.0500000e+08   3.2701072e-01
   2.0600000e+08   3.2621604e-01
   2.0700000e+08   3.2542712e-01
   2.0800000e+08   3.2464390e-01
   2.0900000e+08   3.2386631e-01
   2.1000000e+08   3.2309428e-01
   2.1100000e+08   3.2232774e-01
   2.1200000e+08   3.2156664e-01
   2.1300000e+08   3.2081090e-01
   2.1400000e+08   3.2006046e-01
   2.1500000e+08   3.1931527e-01
   2.1600000e+08   3.1857526e-01
   2.1700000e+08   3.1784036e-01
   2.1800000e+08   3.1711053e-01
   2.1900000e+08   3.1638571e-01
   2.2000000e+08   3.1566583e-01
   2.2100000e+08   3.1495085e-01
   2.2200000e+08   3.1424070e-01
   2.2300000e+08   3.1353533e-01
   2.2400000e+08   3.1283469e-01
   2.2500000e+08   3.1213873e-01
   2.2600000e+08   3.1144739e-01
   2.2700000e+08   3.1076063e-01
   2.2800000e+08   3.1007838e-01
   2.2900000e+08   3.0940062e-01
   2.3000000e+08   3.0872727e-01
   2.3100000e+08   3.0805831e-01
   2.3200000e+08   3.0739367e-01
   2.3300000e+08   3.0673332e-01
   2.3400000e+08   3.0607721e-01
   2.3500000e+08   3.0542528e-01
   2.3600000e+08   3.0477751e-01
   2.3700000e+08   3.0413384e-01
   2.3800000e+08   3.0349423e-01
   2.3900000e+08   3.0285864e-01
   2.4000000e+08   3.0222702e-01
   2.4100000e+08   3.0159935e-01
   2.4200000e+08   3.0097556e-01
   2.4300000e+08   3.0035563e-01
   2.4400000e+08   2.9973952e-01
   2.4500000e+08   2.9912718e-01
   2.4600000e+08   2.9851858e-01
   2.4700000e+08   2.9791368e-01
   2.4800000e+08   2.9731244e-01
   2.4900000e+08   2.9671482e-01
   2.5000000e+08   2.9612080e-01
   2.5100000e+08   2.9553033e-01
   2.5200000e+08   2.9494337e-01
   2.5300000e+08   2.9435991e-01
   2.5400000e+08   2.9377989e-01
   2.5500000e+08   2.9320328e-01
   2.5600000e+08   2.9263006e-01
   2.5700000e+08   2.9206018e-01
   2.5800000e+08   2.9149363e-01
   2.5900000e+08   2.9093035e-01
   2.6000000e+08   2.9037033e-01
   2.6100000e+08   2.8981353e-01
   2.6200000e+08   2.8925993e-01
   2.6300000e+08   2.8870948e-01
   2.6400000e+08   2.8816216e-01
   2.6500000e+08   2.8761794e-01
   2.6600000e+08   2.8707680e-01
   2.6700000e+08   2.8653870e-01
   2.6800000e+08   2.8600361e-01
   2.6900000e+08   2.8547151e-01
   2.7000000e+08   2.8494237e-01
   2.7100000e+08   2.8441616e-01
   2.7200000e+08   2.8389286e-01
   2.7300000e+08   2.8337243e-01
   2.7400000e+08   2.8285485e-01
   2.7500000e+08   2.8234010e-01
   2.7600000e+08   2.8182815e-01
   2.7700000e+08   2.8131898e-01
   2.7800000e+08   2.8081255e-01
   2.7900000e+08   2.8030885e-01
   2.8000000e+08   2.7980785e-01
   2.8100000e+08   2.7930953e-01
   2.8200000e+08   2.7881386e-01
   2.8300000e+08   2.7832082e-01
   2.8400000e+08   2.7783039e-01
   2.8500000e+08   2.7734254e-01
   2.8600000e+08   2.7685725e-01
   2.8700000e+08   2.7637450e-01
   2.8800000e+08   2.7589426e-01
   2.8900000e+08   2.7541652e-01
   2.9000000e+08   2.7494126e-01
   2.9100000e+08   2.7446844e-01
   2.9200000e+08   2.7399806e-01
   2.9300000e+08   2.7353009e-01
   2.9400000e+08   2.7306450e-01
   2.9500000e+08   2.7260129e-01
   2.9600000e+08   2.7214043e-01
   2.9700000e+08   2.7168189e-01
   2.9800000e+08   2.7122567e-01
   2.9900000e+08   2.7077173e-01
   3.0000000e+08   2.7032007e-01
   3.0100000e+08   2.6987066e-01
   3.0200000e+08   2.6942348e-01
   3.0300000e+08   2.6897852e-01
   3.0400000e+08   2.6853576e-01
   3.0500000e+08   2.6809517e-01
   3.0600000e+08   2.6765675e-01
   3.0700000e+08   2.6722047e-01
   3.0800000e+08   2.6678632e-01
   3.0900000e+08   2.6635428e-01
   3.1000000e+08   2.6592433e-01
   3.1100000e+08   2.6549645e-01
   3.1200000e+08   2.6507064e-01
   3.1300000e+08   2.6464686e-01
   3.1400000e+08   2.6422511e-01
   3.1500000e+08   2.6380537e-01
   3.1600000e+08   2.6338763e-01
   3.1700000e+08   2.6297186e-01
   3.1800000e+08   2.6255806e-01
   3.1900000e+08   2.6214620e-01
   3.2000000e+08   2.6173628e-01
   3.2100000e+08   2.6132827e-01
   3.2200000e+08   2.6092217e-01
   3.2300000e+08   2.6051795e-01
   3.2400000e+08   2.6011561e-01
   3.2500000e+08   2.5971512e-01
   3.2600000e+08   2.5931648e-01
   3.2700000e+08   2.5891967e-01
   3.2800000e+08   2.5852467e-01
   3.2900000e+08   2.5813148e-01
   3.3000000e+08   2.5774007e-01
   3.3100000e+08   2.5735044e-01
   3.3200000e+08   2.5696257e-01
   3.3300000e+08   2.5657645e-01
   3.3400000e+08   2.5619207e-01
   3.3500000e+08   2.5580941e-01
   3.3600000e+08   2.5542846e-01
   3.3700000e+08   2.5504920e-01
   3.3800000e+08   2.5467163e-01
   3.3900000e+08   2.5429573e-01
   3.4000000e+08   2.5392149e-01
   3.4100000e+08   2.5354890e-01
   3.4200000e+08   2.5317794e-01
   3.4300000e+08   2.5280861e-01
   3.4400000e+08   2.5244089e-01
   3.4500000e+08   2.5207476e-01
   3.4600000e+08   2.5171023e-01
   3.4700000e+08   2.5134727e-01
   3.4800000e+08   2.5098588e-01
   3.4900000e+08   2.5062605e-01
   3.5000000e+08   2.5026775e-01
   3.5100000e+08   2.4991099e-01
   3.5200000e+08   2.4955575e-01
   3.5300000e+08   2.4920202e-01
   3.5400000e+08   2.4884979e-01
   3.5500000e+08   2.4849905e-01
   3.5600000e+08   2.4814979e-01
   3.5700000e+08   2.4780200e-01
   3.5800000e+08   2.4745567e-01
   3.5900000e+08   2.4711078e-01
   3.6000000e+08   2.4676733e-01
   3.6100000e+08   2.4642531e-01
   3.6200000e+08   2.4608471e-01
   3.6300000e+08   2.4574552e-01
   3.6400000e+08   2.4540772e-01
   3.6500000e+08   2.4507132e-01
   3.6600000e+08   2.4473629e-01
   3.6700000e+08   2.4440263e-01
   3.6800000e+08   2.4407034e-01
   3.6900000e+08   2.4373940e-01
   3.7000000e+08   2.4340980e-01
   3.7100000e+08   2.4308153e-01
   3.7200000e+08   2.4275459e-01
   3.7300000e+08   2.4242896e-01
   3.7400000e+08   2.4210464e-01
   3.7500000e+08   2.4178162e-01
   3.7600000e+08   2.4145989e-01
   3.7700000e+08   2.4113944e-01
   3.7800000e+08   2.4082026e-01
   3.7900000e+08   2.4050234e-01
   3.8000000e+08   2.4018568e-01
   3.8100000e+08   2.3987027e-01
   3.8200000e+08   2.3955610e-01
   3.8300000e+08   2.3924316e-01
   3.8400000e+08   2.3893144e-01
   3.8500000e+08   2.3862094e-01
   3.8600000e+08   2.3831164e-01
   3.8700000e+08   2.3800355e-01
   3.8800000e+08   2.3769665e-01
   3.8900000e+08   2.3739093e-01
   3.9000000e+08   2.3708638e-01
   3.9100000e+08   2.3678301e-01
   3.9200000e+08   2.3648080e-01
   3.9300000e+08   2.3617974e-01
   3.9400000e+08   2.3587983e-01
   3.9500000e+08   2.3558106e-01
   3.9600000e+08   2.3528342e-01
   3.9700000e+08   2.3498691e-01
   3.9800000e+08   2.3469151e-01
   3.9900000e+08   2.3439723e-01
   4.0000000e+08   2.3410405e-01
   4.0100000e+08   2.3381196e-01
   4.0200000e+08   2.3352097e-01
   4.0300000e+08   2.3323106e-01
   4.0400000e+08   2.3294223e-01
   4.0500000e+08   2.3265447e-01
   4.0600000e+08   2.3236777e-01
   4.0700000e+08   2.3208214e-01
   4.0800000e+08   2.3179755e-01
   4.0900000e+08   2.3151400e-01
   4.1000000e+08   2.3123150e-01
   4.1100000e+08   2.3095002e-01
   4.1200000e+08   2.3066957e-01
   4.1300000e+08   2.3039014e-01
   4.1400000e+08   2.3011172e-01
   4.1500000e+08   2.2983431e-01
   4.1600000e+08   2.2955790e-01
   4.1700000e+08   2.2928249e-01
   4.1800000e+08   2.2900806e-01
   4.1900000e+08   2.2873462e-01
   4.2000000e+08   2.2846216e-01
   4.2100000e+08   2.2819066e-01
   4.2200000e+08   2.2792013e-01
   4.2300000e+08   2.2765056e-01
   4.2400000e+08   2.2738195e-01
   4.2500000e+08   2.2711428e-01
   4.2600000e+08   2.2684756e-01
   4.2700000e+08   2.2658178e-01
   4.2800000e+08   2.2631692e-01
   4.2900000e+08   2.2605300e-01
   4.3000000e+08   2.2578999e-01
   4.3100000e+08   2.2552790e-01
   4.3200000e+08   2.2526672e-01
   4.3300000e+08   2.2500645e-01
   4.3400000e+08   2.2474708e-01
   4.3500000e+08   2.2448860e-01
   4.3600000e+08   2.2423101e-01
   4.3700000e+08   2.2397430e-01
   4.3800000e+08   2.2371848e-01
   4.3900000e+08   2.2346353e-01
   4.4000000e+08   2.2320945e-01
   4.4100000e+08   2.2295623e-01
   4.4200000e+08   2.2270388e-01
   4.4300000e+08   2.2245238e-01
   4.4400000e+08   2.2220173e-01
   4.4500000e+08   2.2195192e-01
   4.4600000e+08   2.2170296e-01
   4.4700000e+08   2.2145483e-01
   4.4800000e+08   2.2120753e-01
   4.4900000e+08   2.2096106e-01
   4.5000000e+08   2.2071541e-01
   4.5100000e+08   2.2047058e-01
   4.5200000e+08   2.2022656e-01
   4.5300000e+08   2.1998335e-01
   4.5400000e+08   2.1974095e-01
   4.5500000e+08   2.1949934e-01
   4.5600000e+08   2.1925853e-01
   4.5700000e+08   2.1901851e-01
   4.5800000e+08   2.1877927e-01
   4.5900000e+08   2.1854082e-01
   4.6000000e+08   2.1830315e-01
   4.6100000e+08   2.1806625e-01
   4.6200000e+08   2.1783012e-01
   4.6300000e+08   2.1759475e-01
   4.6400000e+08   2.1736015e-01
   4.6500000e+08   2.1712630e-01
   4.6600000e+08   2.1689321e-01
   4.6700000e+08   2.1666087e-01
   4.6800000e+08   2.1642927e-01
   4.6900000e+08   2.1619841e-01
   4.7000000e+08   2.1596829e-01
   4.7100000e+08   2.1573890e-01
   4.7200000e+08   2.1551024e-01
   4.7300000e+08   2.1528231e-01
   4.7400000e+08   2.1505510e-01
   4.7500000e+08   2.1482861e-01
   4.7600000e+08   2.1460283e-01
   4.7700000e+08   2.1437776e-01
   4.7800000e+08   2.1415340e-01
   4.7900000e+08   2.1392974e-01
   4.8000000e+08   2.1370678e-01
   4.8100000e+08   2.1348451e-01
   4.8200000e+08   2.1326294e-01
   4.8300000e+08   2.1304206e-01
   4.8400000e+08   2.1282186e-01
   4.8500000e+08   2.1260234e-01
   4.8600000e+08   2.1238350e-01
   4.8700000e+08   2.1216534e-01
   4.8800000e+08   2.1194784e-01
   4.8900000e+08   2.1173102e-01
   4.9000000e+08   2.1151486e-01
   4.9100000e+08   2.1129935e-01
   4.9200000e+08   2.1108451e-01
   4.9300000e+08   2.1087032e-01
   4.9400000e+08   2.1065678e-01
   4.9500000e+08   2.1044389e-01
   4.9600000e+08   2.1023164e-01
   4.9700000e+08   2.1002003e-01
   4.9800000e+08   2.0980906e-01
   4.9900000e+08   2.0959873e-01
   5.0000000e+08   2.0938902e-01
   5.0100000e+08   2.0917995e-01
   5.0200000e+08   2.0897150e-01
   5.0300000e+08   2.0876367e-01
   5.0400000e+08   2.0855646e-01
   5.0500000e+08   2.0834987e-01
   5.0600000e+08   2.0814389e-01
   5.0700000e+08   2.0793851e-01
   5.0800000e+08   2.0773375e-01
   5.0900000e+08   2.0752959e-01
   5.1000000e+08   2.0732603e-01
   5.1100000e+08   2.0712307e-01
   5.1200000e+08   2.0692070e-01
   5.1300000e+08   2.0671892e-01
   5.1400000e+08   2.0651774e-01
   5.1500000e+08   2.0631714e-01
   5.1600000e+08   2.0611712e-01
   5.1700000e+08   2.0591768e-01
   5.1800000e+08   2.0571883e-01
   5.1900000e+08   2.0552054e-01
   5.2000000e+08   2.0532283e-01
   5.2100000e+08   2.0512569e-01
   5.2200000e+08   2.0492911e-01
   5.2300000e+08   2.0473310e-01
   5.2400000e+08   2.0453765e-01
   5.2500000e+08   2.0434276e-01
   5.2600000e+08   2.0414843e-01
   5.2700000e+08   2.0395465e-01
   5.2800000e+08   2.0376142e-01
   5.2900000e+08   2.0356874e-01
   5.3000000e+08   2.0337660e-01
   5.3100000e+08   2.0318501e-01
   5.3200000e+08   2.0299395e-01
   5.3300000e+08   2.0280344e-01
   5.3400000e+08   2.0261346e-01
   5.3500000e+08   2.0242401e-01
   5.3600000e+08   2.0223509e-01
   5.3700000e+08   2.0204671e-01
   5.3800000e+08   2.0185884e-01
   5.3900000e+08   2.0167150e-01
   5.4000000e+08   2.0148468e-01
   5.4100000e+08   2.0129838e-01
   5.4200000e+08   2.0111260e-01
   5.4300000e+08   2.0092732e-01
   5.4400000e+08   2.0074256e-01
   5.4500000e+08   2.0055831e-01
   5.4600000e+08   2.0037457e-01
   5.4700000e+08   2.0019132e-01
   5.4800000e+08   2.0000858e-01
   5.4900000e+08   1.9982634e-01
   5.5000000e+08   1.9964460e-01
   5.5100000e+08   1.9946335e-01
   5.5200000e+08   1.9928260e-01
   5.5300000e+08   1.9910233e-01
   5.5400000e+08   1.9892256e-01
   5.5500000e+08   1.9874327e-01
   5.5600000e+08   1.9856446e-01
   5.5700000e+08   1.9838614e-01
   5.5800000e+08   1.9820829e-01
   5.5900000e+08   1.9803092e-01
   5.6000000e+08   1.9785403e-01
   5.6100000e+08   1.9767761e-01
   5.6200000e+08   1.9750166e-01
   5.6300000e+08   1.9732618e-01
   5.6400000e+08   1.9715117e-01
   5.6500000e+08   1.9697662e-01
   5.6600000e+08   1.9680254e-01
   5.6700000e+08   1.9662892e-01
   5.6800000e+08   1.9645575e-01
   5.6900000e+08   1.9628304e-01
   5.7000000e+08   1.9611079e-01
   5.7100000e+08   1.9593899e-01
   5.7200000e+08   1.9576764e-01
   5.7300000e+08   1.9559674e-01
   5.7400000e+08   1.9542628e-01
   5.7500000e+08   1.9525627e-01
   5.7600000e+08   1.9508671e-01
   5.7700000e+08   1.9491758e-01
   5.7800000e+08   1.9474889e-01
   5.7900000e+08   1.9458064e-01
   5.8000000e+08   1.9441283e-01
   5.8100000e+08   1.9424545e-01
   5.8200000e+08   1.9407850e-01
   5.8300000e+08   1.9391198e-01
   5.8400000e+08   1.9374589e-01
   5.8500000e+08   1.9358022e-01
   5.8600000e+08   1.9341498e-01
   5.8700000e+08   1.9325016e-01
   5.8800000e+08   1.9308576e-01
   5.8900000e+08   1.9292178e-01
   5.9000000e+08   1.9275822e-01
   5.9100000e+08   1.9259507e-01
   5.9200000e+08   1.9243234e-01
   5.9300000e+08   1.9227002e-01
   5.9400000e+08   1.9210811e-01
   5.9500000e+08   1.9194660e-01
   5.9600000e+08   1.9178551e-01
   5.9700000e+08   1.9162482e-01
   5.9800000e+08   1.9146453e-01
   5.9900000e+08   1.9130464e-01
   6.0000000e+08   1.9114515e-01
   6.0100000e+08   1.9098606e-01
   6.0200000e+08   1.9082737e-01
   6.0300000e+08   1.9066908e-01
   6.0400000e+08   1.9051117e-01
   6.0500000e+08   1.9035366e-01
   6.0600000e+08   1.9019654e-01
   6.0700000e+08   1.9003980e-01
   6.0800000e+08   1.8988346e-01
   6.0900000e+08   1.8972749e-01
   6.1000000e+08   1.8957192e-01
   6.1100000e+08   1.8941672e-01
   6.1200000e+08   1.8926190e-01
   6.1300000e+08   1.8910747e-01
   6.1400000e+08   1.8895341e-01
   6.1500000e+08   1.8879973e-01
   6.1600000e+08   1.8864642e-01
   6.1700000e+08   1.8849348e-01
   6.1800000e+08   1.8834092e-01
   6.1900000e+08   1.8818872e-01
   6.2000000e+08   1.8803689e-01
   6.2100000e+08   1.8788544e-01
   6.2200000e+08   1.8773434e-01
   6.2300000e+08   1.8758361e-01
   6.2400000e+08   1.8743324e-01
   6.2500000e+08   1.8728324e-01
   6.2600000e+08   1.8713359e-01
   6.2700000e+08   1.8698430e-01
   6.2800000e+08   1.8683537e-01
   6.2900000e+08   1.8668679e-01
   6.3000000e+08   1.8653857e-01
   6.3100000e+08   1.8639070e-01
   6.3200000e+08   1.8624318e-01
   6.3300000e+08   1.8609601e-01
   6.3400000e+08   1.8594919e-01
   6.3500000e+08   1.8580271e-01
   6.3600000e+08   1.8565659e-01
   6.3700000e+08   1.8551080e-01
   6.3800000e+08   1.8536536e-01
   6.3900000e+08   1.8522026e-01
   6.4000000e+08   1.8507550e-01
   6.4100000e+08   1.8493108e-01
   6.4200000e+08   1.8478699e-01
   6.4300000e+08   1.8464325e-01
   6.4400000e+08   1.8449983e-01
   6.4500000e+08   1.8435676e-01
   6.4600000e+08   1.8421401e-01
   6.4700000e+08   1.8407159e-01
   6.4800000e+08   1.8392951e-01
   6.4900000e+08   1.8378775e-01
   6.5000000e+08   1.8364632e-01
   6.5100000e+08   1.8350522e-01
   6.5200000e+08   1.8336444e-01
   6.5300000e+08   1.8322399e-01
   6.5400000e+08   1.8308385e-01
   6.5500000e+08   1.8294404e-01
   6.5600000e+08   1.8280455e-01
   6.5700000e+08   1.8266537e-01
   6.5800000e+08   1.8252652e-01
   6.5900000e+08   1.8238798e-01
   6.6000000e+08   1.8224975e-01
   6.6100000e+08   1.8211184e-01
   6.6200000e+08   1.8197424e-01
   6.6300000e+08   1.8183696e-01
   6.6400000e+08   1.8169998e-01
   6.6500000e+08   1.8156331e-01
   6.6600000e+08   1.8142695e-01
   6.6700000e+08   1.8129090e-01
   6.6800000e+08   1.8115515e-01
   6.6900000e+08   1.8101971e-01
   6.7000000e+08   1.8088457e-01
   6.7100000e+08   1.8074973e-01
   6.7200000e+08   1.8061519e-01
   6.7300000e+08   1.8048096e-01
   6.7400000e+08   1.8034702e-01
   6.7500000e+08   1.8021338e-01
   6.7600000e+08   1.8008004e-01
   6.7700000e+08   1.7994699e-01
   6.7800000e+08   1.7981423e-01
   6.7900000e+08   1.7968177e-01
   6.8000000e+08   1.7954961e-01
   6.8100000e+08   1.7941773e-01
   6.8200000e+08   1.7928614e-01
   6.8300000e+08   1.7915485e-01
   6.8400000e+08   1.7902384e-01
   6.8500000e+08   1.7889312e-01
   6.8600000e+08   1.7876268e-01
   6.8700000e+08   1.7863253e-01
   6.8800000e+08   1.7850266e-01
   6.8900000e+08   1.7837308e-01
   6.9000000e+08   1.7824377e-01
   6.9100000e+08   1.7811475e-01
   6.9200000e+08   1.7798601e-01
   6.9300000e+08   1.7785755e-01
   6.9400000e+08   1.7772936e-01
   6.9500000e+08   1.7760145e-01
   6.9600000e+08   1.7747382e-01
   6.9700000e+08   1.7734646e-01
   6.9800000e+08   1.7721938e-01
   6.9900000e+08   1.7709256e-01
   7.0000000e+08   1.7696602e-01
   7.0100000e+08   1.7683976e-01
   7.0200000e+08   1.7671376e-01
   7.0300000e+08   1.7658803e-01
   7.0400000e+08   1.7646256e-01
   7.0500000e+08   1.7633737e-01
   7.0600000e+08   1.7621244e-01
   7.0700000e+08   1.7608778e-01
   7.0800000e+08   1.7596338e-01
   7.0900000e+08   1.7583924e-01
   7.1000000e+08   1.7571537e-01
   7.1100000e+08   1.7559175e-01
   7.1200000e+08   1.7546840e-01
   7.1300000e+08   1.7534531e-01
   7.1400000e+08   1.7522247e-01
   7.1500000e+08   1.7509990e-01
   7.1600000e+08   1.7497758e-01
   7.1700000e+08   1.7485552e-01
   7.1800000e+08   1.7473371e-01
   7.1900000e+08   1.7461215e-01
   7.2000000e+08   1.7449085e-01
   7.2100000e+08   1.7436981e-01
   7.2200000e+08   1.7424901e-01
   7.2300000e+08   1.7412846e-01
   7.2400000e+08   1.7400817e-01
   7.2500000e+08   1.7388812e-01
   7.2600000e+08   1.7376832e-01
   7.2700000e+08   1.7364877e-01
   7.2800000e+08   1.7352946e-01
   7.2900000e+08   1.7341040e-01
   7.3000000e+08   1.7329159e-01
   7.3100000e+08   1.7317302e-01
   7.3200000e+08   1.7305469e-01
   7.3300000e+08   1.7293660e-01
   7.3400000e+08   1.7281876e-01
   7.3500000e+08   1.7270116e-01
   7.3600000e+08   1.7258379e-01
   7.3700000e+08   1.7246667e-01
   7.3800000e+08   1.7234978e-01
   7.3900000e+08   1.7223313e-01
   7.4000000e+08   1.7211672e-01
   7.4100000e+08   1.7200054e-01
   7.4200000e+08   1.7188460e-01
   7.4300000e+08   1.7176889e-01
   7.4400000e+08   1.7165341e-01
   7.4500000e+08   1.7153817e-01
   7.4600000e+08   1.7142316e-01
   7.4700000e+08   1.7130838e-01
   7.4800000e+08   1.7119383e-01
   7.4900000e+08   1.7107951e-01
   7.5000000e+08   1.7096542e-01
   7.5100000e+08   1.7085156e-01
   7.5200000e+08   1.7073792e-01
   7.5300000e+08   1.7062451e-01
   7.5400000e+08   1.7051133e-01
   7.5500000e+08   1.7039837e-01
   7.5600000e+08   1.7028564e-01
   7.5700000e+08   1.7017313e-01
   7.5800000e+08   1.7006084e-01
   7.5900000e+08   1.6994877e-01
   7.6000000e+08   1.6983693e-01
   7.6100000e+08   1.6972530e-01
   7.6200000e+08   1.6961390e-01
   7.6300000e+08   1.6950271e-01
   7.6400000e+08   1.6939174e-01
   7.6500000e+08   1.6928099e-01
   7.6600000e+08   1.6917046e-01
   7.6700000e+08   1.6906014e-01
   7.6800000e+08   1.6895004e-01
   7.6900000e+08   1.6884016e-01
   7.7000000e+08   1.6873048e-01
   7.7100000e+08   1.6862103e-01
   7.7200000e+08   1.6851178e-01
   7.7300000e+08   1.6840275e-01
   7.7400000e+08   1.6829392e-01
   7.7500000e+08   1.6818531e-01
   7.7600000e+08   1.6807691e-01
   7.7700000e+08   1.6796872e-01
   7.7800000e+08   1.6786073e-01
   7.7900000e+08   1.6775296e-01
   7.8000000e+08   1.6764539e-01
   7.8100000e+08   1.6753803e-01
   7.8200000e+08   1.6743087e-01
   7.8300000e+08   1.6732392e-01
   7.8400000e+08   1.6721718e-01
   7.8500000e+08   1.6711063e-01
   7.8600000e+08   1.6700430e-01
   7.8700000e+08   1.6689816e-01
   7.8800000e+08   1.6679223e-01
   7.8900000e+08   1.6668649e-01
   7.9000000e+08   1.6658096e-01
   7.9100000e+08   1.6647563e-01
   7.9200000e+08   1.6637050e-01
   7.9300000e+08   1.6626557e-01
   7.9400000e+08   1.6616083e-01
   7.9500000e+08   1.6605630e-01
   7.9600000e+08   1.6595196e-01
   7.9700000e+08   1.6584782e-01
   7.9800000e+08   1.6574387e-01
   7.9900000e+08   1.6564012e-01
   8.0000000e+08   1.6553656e-01
   8.0100000e+08   1.6543320e-01
   8.0200000e+08   1.6533003e-01
   8.0300000e+08   1.6522705e-01
   8.0400000e+08   1.6512426e-01
   8.0500000e+08   1.6502167e-01
   8.0600000e+08   1.6491927e-01
   8.0700000e+08   1.6481705e-01
   8.0800000e+08   1.6471503e-01
   8.0900000e+08   1.6461320e-01
   8.1000000e+08   1.6451155e-01
   8.1100000e+08   1.6441010e-01
   8.1200000e+08   1.6430883e-01
   8.1300000e+08   1.6420775e-01
   8.1400000e+08   1.6410685e-01
   8.1500000e+08   1.6400614e-01
   8.1600000e+08   1.6390562e-01
   8.1700000e+08   1.6380528e-01
   8.1800000e+08   1.6370512e-01
   8.1900000e+08   1.6360515e-01
   8.2000000e+08   1.6350536e-01
   8.2100000e+08   1.6340575e-01
   8.2200000e+08   1.6330633e-01
   8.2300000e+08   1.6320708e-01
   8.2400000e+08   1.6310802e-01
   8.2500000e+08   1.6300913e-01
   8.2600000e+08   1.6291043e-01
   8.2700000e+08   1.6281191e-01
   8.2800000e+08   1.6271356e-01
   8.2900000e+08   1.6261539e-01
   8.3000000e+08   1.6251740e-01
   8.3100000e+08   1.6241959e-01
   8.3200000e+08   1.6232195e-01
   8.3300000e+08   1.6222449e-01
   8.3400000e+08   1.6212720e-01
   8.3500000e+08   1.6203009e-01
   8.3600000e+08   1.6193315e-01
   8.3700000e+08   1.6183639e-01
   8.3800000e+08   1.6173980e-01
   8.3900000e+08   1.6164338e-01
   8.4000000e+08   1.6154714e-01
   8.4100000e+08   1.6145107e-01
   8.4200000e+08   1.6135516e-01
   8.4300000e+08   1.6125943e-01
   8.4400000e+08   1.6116387e-01
   8.4500000e+08   1.6106848e-01
   8.4600000e+08   1.6097326e-01
   8.4700000e+08   1.6087820e-01
   8.4800000e+08   1.6078332e-01
   8.4900000e+08   1.6068860e-01
   8.5000000e+08   1.6059405e-01
   8.5100000e+08   1.6049967e-01
   8.5200000e+08   1.6040545e-01
   8.5300000e+08   1.6031140e-01
   8.5400000e+08   1.6021751e-01
   8.5500000e+08   1.6012379e-01
   8.5600000e+08   1.6003023e-01
   8.5700000e+08   1.5993684e-01
   8.5800000e+08   1.5984361e-01
   8.5900000e+08   1.5975054e-01
   8.6000000e+08   1.5965763e-01
   8.6100000e+08   1.5956489e-01
   8.6200000e+08   1.5947231e-01
   8.6300000e+08   1.5937989e-01
   8.6400000e+08   1.5928763e-01
   8.6500000e+08   1.5919553e-01
   8.6600000e+08   1.5910359e-01
   8.6700000e+08   1.5901180e-01
   8.6800000e+08   1.5892018e-01
   8.6900000e+08   1.5882872e-01
   8.7000000e+08   1.5873741e-01
   8.7100000e+08   1.5864626e-01
   8.7200000e+08   1.5855527e-01
   8.7300000e+08   1.5846443e-01
   8.7400000e+08   1.5837375e-01
   8.7500000e+08   1.5828322e-01
   8.7600000e+08   1.5819285e-01
   8.7700000e+08   1.5810264e-01
   8.7800000e+08   1.5801258e-01
   8.7900000e+08   1.5792267e-01
   8.8000000e+08   1.5783292e-01
   8.8100000e+08   1.5774331e-01
   8.8200000e+08   1.5765387e-01
   8.8300000e+08   1.5756457e-01
   8.8400000e+08   1.5747542e-01
   8.8500000e+08   1.5738643e-01
   8.8600000e+08   1.5729758e-01
   8.8700000e+08   1.5720889e-01
   8.8800000e+08   1.5712035e-01
   8.8900000e+08   1.5703195e-01
   8.9000000e+08   1.5694371e-01
   8.9100000e+08   1.5685561e-01
   8.9200000e+08   1.5676766e-01
   8.9300000e+08   1.5667986e-01
   8.9400000e+08   1.5659221e-01
   8.9500000e+08   1.5650470e-01
   8.9600000e+08   1.5641735e-01
   8.9700000e+08   1.5633013e-01
   8.9800000e+08   1.5624306e-01
   8.9900000e+08   1.5615614e-01
   9.0000000e+08   1.5606936e-01
   9.0100000e+08   1.5598273e-01
   9.0200000e+08   1.5589624e-01
   9.0300000e+08   1.5580990e-01
   9.0400000e+08   1.5572370e-01
   9.0500000e+08   1.5563764e-01
   9.0600000e+08   1.5555172e-01
   9.0700000e+08   1.5546595e-01
   9.0800000e+08   1.5538031e-01
   9.0900000e+08   1.5529482e-01
   9.1000000e+08   1.5520947e-01
   9.1100000e+08   1.5512426e-01
   9.1200000e+08   1.5503919e-01
   9.1300000e+08   1.5495426e-01
   9.1400000e+08   1.5486947e-01
   9.1500000e+08   1.5478482e-01
   9.1600000e+08   1.5470031e-01
   9.1700000e+08   1.5461593e-01
   9.1800000e+08   1.5453170e-01
   9.1900000e+08   1.5444760e-01
   9.2000000e+08   1.5436364e-01
   9.2100000e+08   1.5427981e-01
   9.2200000e+08   1.5419612e-01
   9.2300000e+08   1.5411257e-01
   9.2400000e+08   1.5402915e-01
   9.2500000e+08   1.5394587e-01
   9.2600000e+08   1.5386273e-01
   9.2700000e+08   1.5377971e-01
   9.2800000e+08   1.5369684e-01
   9.2900000e+08   1.5361409e-01
   9.3000000e+08   1.5353148e-01
   9.3100000e+08   1.5344900e-01
   9.3200000e+08   1.5336666e-01
   9.3300000e+08   1.5328445e-01
   9.3400000e+08   1.5320237e-01
   9.3500000e+08   1.5312042e-01
   9.3600000e+08   1.5303860e-01
   9.3700000e+08   1.5295692e-01
   9.3800000e+08   1.5287536e-01
   9.3900000e+08   1.5279394e-01
   9.4000000e+08   1.5271264e-01
   9.4100000e+08   1.5263148e-01
   9.4200000e+08   1.5255044e-01
   9.4300000e+08   1.5246953e-01
   9.4400000e+08   1.5238875e-01
   9.4500000e+08   1.5230810e-01
   9.4600000e+08   1.5222758e-01
   9.4700000e+08   1.5214719e-01
   9.4800000e+08   1.5206692e-01
   9.4900000e+08   1.5198678e-01
   9.5000000e+08   1.5190676e-01
   9.5100000e+08   1.5182688e-01
   9.5200000e+08   1.5174711e-01
   9.5300000e+08   1.5166748e-01
   9.5400000e+08   1.5158797e-01
   9.5500000e+08   1.5150858e-01
   9.5600000e+08   1.5142932e-01
   9.5700000e+08   1.5135018e-01
   9.5800000e+08   1.5127117e-01
   9.5900000e+08   1.5119228e-01
   9.6000000e+08   1.5111351e-01
   9.6100000e+08   1.5103487e-01
   9.6200000e+08   1.5095635e-01
   9.6300000e+08   1.5087795e-01
   9.6400000e+08   1.5079967e-01
   9.6500000e+08   1.5072152e-01
   9.6600000e+08   1.5064348e-01
   9.6700000e+08   1.5056557e-01
   9.6800000e+08   1.5048778e-01
   9.6900000e+08   1.5041011e-01
   9.7000000e+08   1.5033256e-01
   9.7100000e+08   1.5025513e-01
   9.7200000e+08   1.5017782e-01
   9.7300000e+08   1.5010062e-01
   9.7400000e+08   1.5002355e-01
   9.7500000e+08   1.4994659e-01
   9.7600000e+08   1.4986976e-01
   9.7700000e+08   1.4979304e-01
   9.7800000e+08   1.4971644e-01
   9.7900000e+08   1.4963996e-01
   9.8000000e+08   1.4956359e-01
   9.8100000e+08   1.4948734e-01
   9.8200000e+08   1.4941121e-01
   9.8300000e+08   1.4933519e-01
   9.8400000e+08   1.4925929e-01
   9.8500000e+08   1.4918350e-01
   9.8600000e+08   1.4910783e-01
   9.8700000e+08   1.4903228e-01
   9.8800000e+08   1.4895684e-01
   9.8900000e+08   1.4888151e-01
   9.9000000e+08   1.4880630e-01
   9.9100000e+08   1.4873120e-01
   9.9200000e+08   1.4865622e-01
   9.9300000e+08   1.4858135e-01
   9.9400000e+08   1.4850659e-01
   9.9500000e+08   1.4843194e-01
   9.9600000e+08   1.4835741e-01
   9.9700000e+08   1.4828299e-01
   9.9800000e+08   1.4820868e-01
   9.9900000e+08   1.4813448e-01
   1.0000000e+09   1.4806040e-01
