   1.0000000e+08   9.3641618e+00
   1.1000000e+08   8.9283780e+00
   1.2000000e+08   8.5482711e+00
   1.3000000e+08   8.2129132e+00
   1.4000000e+08   7.9141612e+00
   1.5000000e+08   7.6458061e+00
   1.6000000e+08   7.4030200e+00
   1.7000000e+08   7.1819843e+00
   1.8000000e+08   6.9796341e+00
   1.9000000e+08   6.7934770e+00
   2.0000000e+08   6.6214623e+00
   2.1000000e+08   6.4618856e+00
   2.2000000e+08   6.3133166e+00
   2.3000000e+08   6.1745455e+00
   2.4000000e+08   6.0445405e+00
   2.5000000e+08   5.9224160e+00
   2.6000000e+08   5.8074066e+00
   2.7000000e+08   5.6988474e+00
   2.8000000e+08   5.5961571e+00
   2.9000000e+08   5.4988252e+00
   3.0000000e+08   5.4064014e+00
   3.1000000e+08   5.3184865e+00
   3.2000000e+08   5.2347256e+00
   3.3000000e+08   5.1548014e+00
   3.4000000e+08   5.0784298e+00
   3.5000000e+08   5.0053551e+00
   3.6000000e+08   4.9353466e+00
   3.7000000e+08   4.8681959e+00
   3.8000000e+08   4.8037137e+00
   3.9000000e+08   4.7417277e+00
   4.0000000e+08   4.6820809e+00
   4.1000000e+08   4.6246299e+00
   4.2000000e+08   4.5692431e+00
   4.3000000e+08   4.5157998e+00
   4.4000000e+08   4.4641890e+00
   4.5000000e+08   4.4143082e+00
   4.6000000e+08   4.3660630e+00
   4.7000000e+08   4.3193658e+00
   4.8000000e+08   4.2741356e+00
   4.9000000e+08   4.2302971e+00
   5.0000000e+08   4.1877805e+00
   5.1000000e+08   4.1465206e+00
   5.2000000e+08   4.1064566e+00
   5.3000000e+08   4.0675320e+00
   5.4000000e+08   4.0296937e+00
   5.5000000e+08   3.9928920e+00
   5.6000000e+08   3.9570806e+00
   5.7000000e+08   3.9222158e+00
   5.8000000e+08   3.8882566e+00
   5.9000000e+08   3.8551644e+00
   6.0000000e+08   3.8229031e+00
   6.1000000e+08   3.7914383e+00
   6.2000000e+08   3.7607379e+00
   6.3000000e+08   3.7307714e+00
   6.4000000e+08   3.7015100e+00
   6.5000000e+08   3.6729265e+00
   6.6000000e+08   3.6449951e+00
   6.7000000e+08   3.6176913e+00
   6.8000000e+08   3.5909921e+00
   6.9000000e+08   3.5648755e+00
   7.0000000e+08   3.5393205e+00
   7.1000000e+08   3.5143073e+00
   7.2000000e+08   3.4898171e+00
   7.3000000e+08   3.4658318e+00
   7.4000000e+08   3.4423344e+00
   7.5000000e+08   3.4193085e+00
   7.6000000e+08   3.3967385e+00
   7.7000000e+08   3.3746097e+00
   7.8000000e+08   3.3529078e+00
   7.9000000e+08   3.3316193e+00
   8.0000000e+08   3.3107312e+00
   8.1000000e+08   3.2902311e+00
   8.2000000e+08   3.2701072e+00
   8.3000000e+08   3.2503480e+00
   8.4000000e+08   3.2309428e+00
   8.5000000e+08   3.2118810e+00
   8.6000000e+08   3.1931527e+00
   8.7000000e+08   3.1747482e+00
   8.8000000e+08   3.1566583e+00
   8.9000000e+08   3.1388742e+00
   9.0000000e+08   3.1213873e+00
   9.1000000e+08   3.1041894e+00
   9.2000000e+08   3.0872727e+00
   9.3000000e+08   3.0706296e+00
   9.4000000e+08   3.0542528e+00
   9.5000000e+08   3.0381353e+00
   9.6000000e+08   3.0222702e+00
   9.7000000e+08   3.0066512e+00
   9.8000000e+08   2.9912718e+00
   9.9000000e+08   2.9761260e+00
   1.0000000e+09   2.9612080e+00
   1.0100000e+09   2.9465121e+00
   1.0200000e+09   2.9320328e+00
   1.0300000e+09   2.9177649e+00
   1.0400000e+09   2.9037033e+00
   1.0500000e+09   2.8898431e+00
   1.0600000e+09   2.8761794e+00
   1.0700000e+09   2.8627078e+00
   1.0800000e+09   2.8494237e+00
   1.0900000e+09   2.8363228e+00
   1.1000000e+09   2.8234010e+00
   1.1100000e+09   2.8106542e+00
   1.1200000e+09   2.7980785e+00
   1.1300000e+09   2.7856701e+00
   1.1400000e+09   2.7734254e+00
   1.1500000e+09   2.7613407e+00
   1.1600000e+09   2.7494126e+00
   1.1700000e+09   2.7376377e+00
   1.1800000e+09   2.7260129e+00
   1.1900000e+09   2.7145349e+00
   1.2000000e+09   2.7032007e+00
   1.2100000e+09   2.6920073e+00
   1.2200000e+09   2.6809517e+00
   1.2300000e+09   2.6700313e+00
   1.2400000e+09   2.6592433e+00
   1.2500000e+09   2.6485849e+00
   1.2600000e+09   2.6380537e+00
   1.2700000e+09   2.6276472e+00
   1.2800000e+09   2.6173628e+00
   1.2900000e+09   2.6071983e+00
   1.3000000e+09   2.5971512e+00
   1.3100000e+09   2.5872194e+00
   1.3200000e+09   2.5774007e+00
   1.3300000e+09   2.5676930e+00
   1.3400000e+09   2.5580941e+00
   1.3500000e+09   2.5486020e+00
   1.3600000e+09   2.5392149e+00
   1.3700000e+09   2.5299307e+00
   1.3800000e+09   2.5207476e+00
   1.3900000e+09   2.5116638e+00
   1.4000000e+09   2.5026775e+00
   1.4100000e+09   2.4937870e+00
   1.4200000e+09   2.4849905e+00
   1.4300000e+09   2.4762865e+00
   1.4400000e+09   2.4676733e+00
   1.4500000e+09   2.4591494e+00
   1.4600000e+09   2.4507132e+00
   1.4700000e+09   2.4423632e+00
   1.4800000e+09   2.4340980e+00
   1.4900000e+09   2.4259161e+00
   1.5000000e+09   2.4178162e+00
   1.5100000e+09   2.4097969e+00
   1.5200000e+09   2.4018568e+00
   1.5300000e+09   2.3939948e+00
   1.5400000e+09   2.3862094e+00
   1.5500000e+09   2.3784995e+00
   1.5600000e+09   2.3708638e+00
   1.5700000e+09   2.3633013e+00
   1.5800000e+09   2.3558106e+00
   1.5900000e+09   2.3483907e+00
   1.6000000e+09   2.3410405e+00
   1.6100000e+09   2.3337588e+00
   1.6200000e+09   2.3265447e+00
   1.6300000e+09   2.3193971e+00
   1.6400000e+09   2.3123150e+00
   1.6500000e+09   2.3052973e+00
   1.6600000e+09   2.2983431e+00
   1.6700000e+09   2.2914515e+00
   1.6800000e+09   2.2846216e+00
   1.6900000e+09   2.2778523e+00
   1.7000000e+09   2.2711428e+00
   1.7100000e+09   2.2644923e+00
   1.7200000e+09   2.2578999e+00
   1.7300000e+09   2.2513647e+00
   1.7400000e+09   2.2448860e+00
   1.7500000e+09   2.2384628e+00
   1.7600000e+09   2.2320945e+00
   1.7700000e+09   2.2257802e+00
   1.7800000e+09   2.2195192e+00
   1.7900000e+09   2.2133108e+00
   1.8000000e+09   2.2071541e+00
   1.8100000e+09   2.2010486e+00
   1.8200000e+09   2.1949934e+00
   1.8300000e+09   2.1889879e+00
   1.8400000e+09   2.1830315e+00
   1.8500000e+09   2.1771234e+00
   1.8600000e+09   2.1712630e+00
   1.8700000e+09   2.1654497e+00
   1.8800000e+09   2.1596829e+00
   1.8900000e+09   2.1539619e+00
   1.9000000e+09   2.1482861e+00
   1.9100000e+09   2.1426549e+00
   1.9200000e+09   2.1370678e+00
   1.9300000e+09   2.1315241e+00
   1.9400000e+09   2.1260234e+00
   1.9500000e+09   2.1205651e+00
   1.9600000e+09   2.1151486e+00
   1.9700000e+09   2.1097733e+00
   1.9800000e+09   2.1044389e+00
   1.9900000e+09   2.0991447e+00
   2.0000000e+09   2.0938902e+00
   2.0100000e+09   2.0886751e+00
   2.0200000e+09   2.0834987e+00
   2.0300000e+09   2.0783606e+00
   2.0400000e+09   2.0732603e+00
   2.0500000e+09   2.0681974e+00
   2.0600000e+09   2.0631714e+00
   2.0700000e+09   2.0581818e+00
   2.0800000e+09   2.0532283e+00
   2.0900000e+09   2.0483104e+00
   2.1000000e+09   2.0434276e+00
   2.1100000e+09   2.0385796e+00
   2.1200000e+09   2.0337660e+00
   2.1300000e+09   2.0289863e+00
   2.1400000e+09   2.0242401e+00
   2.1500000e+09   2.0195271e+00
   2.1600000e+09   2.0148468e+00
   2.1700000e+09   2.0101990e+00
   2.1800000e+09   2.0055831e+00
   2.1900000e+09   2.0009989e+00
   2.2000000e+09   1.9964460e+00
   2.2100000e+09   1.9919240e+00
   2.2200000e+09   1.9874327e+00
   2.2300000e+09   1.9829715e+00
   2.2400000e+09   1.9785403e+00
   2.2500000e+09   1.9741387e+00
   2.2600000e+09   1.9697662e+00
   2.2700000e+09   1.9654228e+00
   2.2800000e+09   1.9611079e+00
   2.2900000e+09   1.9568213e+00
   2.3000000e+09   1.9525627e+00
   2.3100000e+09   1.9483318e+00
   2.3200000e+09   1.9441283e+00
   2.3300000e+09   1.9399519e+00
   2.3400000e+09   1.9358022e+00
   2.3500000e+09   1.9316791e+00
   2.3600000e+09   1.9275822e+00
   2.3700000e+09   1.9235113e+00
   2.3800000e+09   1.9194660e+00
   2.3900000e+09   1.9154462e+00
   2.4000000e+09   1.9114515e+00
   2.4100000e+09   1.9074817e+00
   2.4200000e+09   1.9035366e+00
   2.4300000e+09   1.8996158e+00
   2.4400000e+09   1.8957192e+00
   2.4500000e+09   1.8918464e+00
   2.4600000e+09   1.8879973e+00
   2.4700000e+09   1.8841715e+00
   2.4800000e+09   1.8803689e+00
   2.4900000e+09   1.8765893e+00
   2.5000000e+09   1.8728324e+00
   2.5100000e+09   1.8690979e+00
   2.5200000e+09   1.8653857e+00
   2.5300000e+09   1.8616955e+00
   2.5400000e+09   1.8580271e+00
   2.5500000e+09   1.8543804e+00
   2.5600000e+09   1.8507550e+00
   2.5700000e+09   1.8471508e+00
   2.5800000e+09   1.8435676e+00
   2.5900000e+09   1.8400051e+00
   2.6000000e+09   1.8364632e+00
   2.6100000e+09   1.8329417e+00
   2.6200000e+09   1.8294404e+00
   2.6300000e+09   1.8259591e+00
   2.6400000e+09   1.8224975e+00
   2.6500000e+09   1.8190556e+00
   2.6600000e+09   1.8156331e+00
   2.6700000e+09   1.8122299e+00
   2.6800000e+09   1.8088457e+00
   2.6900000e+09   1.8054804e+00
   2.7000000e+09   1.8021338e+00
   2.7100000e+09   1.7988057e+00
   2.7200000e+09   1.7954961e+00
   2.7300000e+09   1.7922046e+00
   2.7400000e+09   1.7889312e+00
   2.7500000e+09   1.7856756e+00
   2.7600000e+09   1.7824377e+00
   2.7700000e+09   1.7792174e+00
   2.7800000e+09   1.7760145e+00
   2.7900000e+09   1.7728288e+00
   2.8000000e+09   1.7696602e+00
   2.8100000e+09   1.7665086e+00
   2.8200000e+09   1.7633737e+00
   2.8300000e+09   1.7602554e+00
   2.8400000e+09   1.7571537e+00
   2.8500000e+09   1.7540682e+00
   2.8600000e+09   1.7509990e+00
   2.8700000e+09   1.7479458e+00
   2.8800000e+09   1.7449085e+00
   2.8900000e+09   1.7418870e+00
   2.9000000e+09   1.7388812e+00
   2.9100000e+09   1.7358909e+00
   2.9200000e+09   1.7329159e+00
   2.9300000e+09   1.7299562e+00
   2.9400000e+09   1.7270116e+00
   2.9500000e+09   1.7240819e+00
   2.9600000e+09   1.7211672e+00
   2.9700000e+09   1.7182671e+00
   2.9800000e+09   1.7153817e+00
   2.9900000e+09   1.7125108e+00
   3.0000000e+09   1.7096542e+00
   3.0100000e+09   1.7068119e+00
   3.0200000e+09   1.7039837e+00
   3.0300000e+09   1.7011695e+00
   3.0400000e+09   1.6983693e+00
   3.0500000e+09   1.6955828e+00
   3.0600000e+09   1.6928099e+00
   3.0700000e+09   1.6900507e+00
   3.0800000e+09   1.6873048e+00
   3.0900000e+09   1.6845724e+00
   3.1000000e+09   1.6818531e+00
   3.1100000e+09   1.6791470e+00
   3.1200000e+09   1.6764539e+00
   3.1300000e+09   1.6737737e+00
   3.1400000e+09   1.6711063e+00
   3.1500000e+09   1.6684517e+00
   3.1600000e+09   1.6658096e+00
   3.1700000e+09   1.6631801e+00
   3.1800000e+09   1.6605630e+00
   3.1900000e+09   1.6579582e+00
   3.2000000e+09   1.6553656e+00
   3.2100000e+09   1.6527851e+00
   3.2200000e+09   1.6502167e+00
   3.2300000e+09   1.6476602e+00
   3.2400000e+09   1.6451155e+00
   3.2500000e+09   1.6425826e+00
   3.2600000e+09   1.6400614e+00
   3.2700000e+09   1.6375518e+00
   3.2800000e+09   1.6350536e+00
   3.2900000e+09   1.6325668e+00
   3.3000000e+09   1.6300913e+00
   3.3100000e+09   1.6276271e+00
   3.3200000e+09   1.6251740e+00
   3.3300000e+09   1.6227320e+00
   3.3400000e+09   1.6203009e+00
   3.3500000e+09   1.6178808e+00
   3.3600000e+09   1.6154714e+00
   3.3700000e+09   1.6130728e+00
   3.3800000e+09   1.6106848e+00
   3.3900000e+09   1.6083074e+00
   3.4000000e+09   1.6059405e+00
   3.4100000e+09   1.6035840e+00
   3.4200000e+09   1.6012379e+00
   3.4300000e+09   1.5989020e+00
   3.4400000e+09   1.5965763e+00
   3.4500000e+09   1.5942608e+00
   3.4600000e+09   1.5919553e+00
   3.4700000e+09   1.5896597e+00
   3.4800000e+09   1.5873741e+00
   3.4900000e+09   1.5850983e+00
   3.5000000e+09   1.5828322e+00
   3.5100000e+09   1.5805759e+00
   3.5200000e+09   1.5783292e+00
   3.5300000e+09   1.5760920e+00
   3.5400000e+09   1.5738643e+00
   3.5500000e+09   1.5716460e+00
   3.5600000e+09   1.5694371e+00
   3.5700000e+09   1.5672375e+00
   3.5800000e+09   1.5650470e+00
   3.5900000e+09   1.5628658e+00
   3.6000000e+09   1.5606936e+00
   3.6100000e+09   1.5585305e+00
   3.6200000e+09   1.5563764e+00
   3.6300000e+09   1.5542311e+00
   3.6400000e+09   1.5520947e+00
   3.6500000e+09   1.5499671e+00
   3.6600000e+09   1.5478482e+00
   3.6700000e+09   1.5457380e+00
   3.6800000e+09   1.5436364e+00
   3.6900000e+09   1.5415433e+00
   3.7000000e+09   1.5394587e+00
   3.7100000e+09   1.5373826e+00
   3.7200000e+09   1.5353148e+00
   3.7300000e+09   1.5332554e+00
   3.7400000e+09   1.5312042e+00
   3.7500000e+09   1.5291612e+00
   3.7600000e+09   1.5271264e+00
   3.7700000e+09   1.5250997e+00
   3.7800000e+09   1.5230810e+00
   3.7900000e+09   1.5210704e+00
   3.8000000e+09   1.5190676e+00
   3.8100000e+09   1.5170728e+00
   3.8200000e+09   1.5150858e+00
   3.8300000e+09   1.5131066e+00
   3.8400000e+09   1.5111351e+00
   3.8500000e+09   1.5091713e+00
   3.8600000e+09   1.5072152e+00
   3.8700000e+09   1.5052666e+00
   3.8800000e+09   1.5033256e+00
   3.8900000e+09   1.5013920e+00
   3.9000000e+09   1.4994659e+00
   3.9100000e+09   1.4975472e+00
   3.9200000e+09   1.4956359e+00
   3.9300000e+09   1.4937318e+00
   3.9400000e+09   1.4918350e+00
   3.9500000e+09   1.4899454e+00
   3.9600000e+09   1.4880630e+00
   3.9700000e+09   1.4861877e+00
   3.9800000e+09   1.4843194e+00
   3.9900000e+09   1.4824582e+00
   4.0000000e+09   1.4806040e+00
   4.0100000e+09   1.4787567e+00
   4.0200000e+09   1.4769163e+00
   4.0300000e+09   1.4750828e+00
   4.0400000e+09   1.4732560e+00
   4.0500000e+09   1.4714361e+00
   4.0600000e+09   1.4696228e+00
   4.0700000e+09   1.4678163e+00
   4.0800000e+09   1.4660164e+00
   4.0900000e+09   1.4642231e+00
   4.1000000e+09   1.4624364e+00
   4.1100000e+09   1.4606562e+00
   4.1200000e+09   1.4588825e+00
   4.1300000e+09   1.4571152e+00
   4.1400000e+09   1.4553543e+00
   4.1500000e+09   1.4535998e+00
   4.1600000e+09   1.4518517e+00
   4.1700000e+09   1.4501098e+00
   4.1800000e+09   1.4483742e+00
   4.1900000e+09   1.4466448e+00
   4.2000000e+09   1.4449215e+00
   4.2100000e+09   1.4432045e+00
   4.2200000e+09   1.4414935e+00
   4.2300000e+09   1.4397886e+00
   4.2400000e+09   1.4380897e+00
   4.2500000e+09   1.4363969e+00
   4.2600000e+09   1.4347100e+00
   4.2700000e+09   1.4330290e+00
   4.2800000e+09   1.4313539e+00
   4.2900000e+09   1.4296847e+00
   4.3000000e+09   1.4280213e+00
   4.3100000e+09   1.4263637e+00
   4.3200000e+09   1.4247119e+00
   4.3300000e+09   1.4230657e+00
   4.3400000e+09   1.4214253e+00
   4.3500000e+09   1.4197906e+00
   4.3600000e+09   1.4181614e+00
   4.3700000e+09   1.4165379e+00
   4.3800000e+09   1.4149199e+00
   4.3900000e+09   1.4133075e+00
   4.4000000e+09   1.4117005e+00
   4.4100000e+09   1.4100990e+00
   4.4200000e+09   1.4085030e+00
   4.4300000e+09   1.4069124e+00
   4.4400000e+09   1.4053271e+00
   4.4500000e+09   1.4037472e+00
   4.4600000e+09   1.4021726e+00
   4.4700000e+09   1.4006033e+00
   4.4800000e+09   1.3990393e+00
   4.4900000e+09   1.3974804e+00
   4.5000000e+09   1.3959268e+00
   4.5100000e+09   1.3943784e+00
   4.5200000e+09   1.3928351e+00
   4.5300000e+09   1.3912969e+00
   4.5400000e+09   1.3897638e+00
   4.5500000e+09   1.3882357e+00
   4.5600000e+09   1.3867127e+00
   4.5700000e+09   1.3851947e+00
   4.5800000e+09   1.3836816e+00
   4.5900000e+09   1.3821735e+00
   4.6000000e+09   1.3806703e+00
   4.6100000e+09   1.3791721e+00
   4.6200000e+09   1.3776786e+00
   4.6300000e+09   1.3761901e+00
   4.6400000e+09   1.3747063e+00
   4.6500000e+09   1.3732273e+00
   4.6600000e+09   1.3717531e+00
   4.6700000e+09   1.3702836e+00
   4.6800000e+09   1.3688189e+00
   4.6900000e+09   1.3673588e+00
   4.7000000e+09   1.3659034e+00
   4.7100000e+09   1.3644526e+00
   4.7200000e+09   1.3630065e+00
   4.7300000e+09   1.3615649e+00
   4.7400000e+09   1.3601279e+00
   4.7500000e+09   1.3586954e+00
   4.7600000e+09   1.3572675e+00
   4.7700000e+09   1.3558440e+00
   4.7800000e+09   1.3544250e+00
   4.7900000e+09   1.3530105e+00
   4.8000000e+09   1.3516003e+00
   4.8100000e+09   1.3501946e+00
   4.8200000e+09   1.3487933e+00
   4.8300000e+09   1.3473963e+00
   4.8400000e+09   1.3460036e+00
   4.8500000e+09   1.3446153e+00
   4.8600000e+09   1.3432312e+00
   4.8700000e+09   1.3418514e+00
   4.8800000e+09   1.3404759e+00
   4.8900000e+09   1.3391045e+00
   4.9000000e+09   1.3377374e+00
   4.9100000e+09   1.3363745e+00
   4.9200000e+09   1.3350157e+00
   4.9300000e+09   1.3336610e+00
   4.9400000e+09   1.3323105e+00
   4.9500000e+09   1.3309640e+00
   4.9600000e+09   1.3296216e+00
   4.9700000e+09   1.3282833e+00
   4.9800000e+09   1.3269490e+00
   4.9900000e+09   1.3256188e+00
   5.0000000e+09   1.3242925e+00
   5.0100000e+09   1.3229702e+00
   5.0200000e+09   1.3216518e+00
   5.0300000e+09   1.3203374e+00
   5.0400000e+09   1.3190269e+00
   5.0500000e+09   1.3177203e+00
   5.0600000e+09   1.3164175e+00
   5.0700000e+09   1.3151186e+00
   5.0800000e+09   1.3138236e+00
   5.0900000e+09   1.3125324e+00
   5.1000000e+09   1.3112449e+00
   5.1100000e+09   1.3099613e+00
   5.1200000e+09   1.3086814e+00
   5.1300000e+09   1.3074053e+00
   5.1400000e+09   1.3061328e+00
   5.1500000e+09   1.3048641e+00
   5.1600000e+09   1.3035991e+00
   5.1700000e+09   1.3023378e+00
   5.1800000e+09   1.3010801e+00
   5.1900000e+09   1.2998260e+00
   5.2000000e+09   1.2985756e+00
   5.2100000e+09   1.2973288e+00
   5.2200000e+09   1.2960855e+00
   5.2300000e+09   1.2948458e+00
   5.2400000e+09   1.2936097e+00
   5.2500000e+09   1.2923771e+00
   5.2600000e+09   1.2911480e+00
   5.2700000e+09   1.2899225e+00
   5.2800000e+09   1.2887004e+00
   5.2900000e+09   1.2874817e+00
   5.3000000e+09   1.2862666e+00
   5.3100000e+09   1.2850548e+00
   5.3200000e+09   1.2838465e+00
   5.3300000e+09   1.2826416e+00
   5.3400000e+09   1.2814400e+00
   5.3500000e+09   1.2802419e+00
   5.3600000e+09   1.2790470e+00
   5.3700000e+09   1.2778556e+00
   5.3800000e+09   1.2766674e+00
   5.3900000e+09   1.2754826e+00
   5.4000000e+09   1.2743010e+00
   5.4100000e+09   1.2731228e+00
   5.4200000e+09   1.2719477e+00
   5.4300000e+09   1.2707760e+00
   5.4400000e+09   1.2696074e+00
   5.4500000e+09   1.2684421e+00
   5.4600000e+09   1.2672800e+00
   5.4700000e+09   1.2661211e+00
   5.4800000e+09   1.2649654e+00
   5.4900000e+09   1.2638128e+00
   5.5000000e+09   1.2626633e+00
   5.5100000e+09   1.2615170e+00
   5.5200000e+09   1.2603738e+00
   5.5300000e+09   1.2592337e+00
   5.5400000e+09   1.2580967e+00
   5.5500000e+09   1.2569628e+00
   5.5600000e+09   1.2558319e+00
   5.5700000e+09   1.2547041e+00
   5.5800000e+09   1.2535793e+00
   5.5900000e+09   1.2524575e+00
   5.6000000e+09   1.2513388e+00
   5.6100000e+09   1.2502230e+00
   5.6200000e+09   1.2491102e+00
   5.6300000e+09   1.2480004e+00
   5.6400000e+09   1.2468935e+00
   5.6500000e+09   1.2457896e+00
   5.6600000e+09   1.2446886e+00
   5.6700000e+09   1.2435905e+00
   5.6800000e+09   1.2424953e+00
   5.6900000e+09   1.2414030e+00
   5.7000000e+09   1.2403135e+00
   5.7100000e+09   1.2392270e+00
   5.7200000e+09   1.2381433e+00
   5.7300000e+09   1.2370624e+00
   5.7400000e+09   1.2359843e+00
   5.7500000e+09   1.2349091e+00
   5.7600000e+09   1.2338367e+00
   5.7700000e+09   1.2327670e+00
   5.7800000e+09   1.2317001e+00
   5.7900000e+09   1.2306360e+00
   5.8000000e+09   1.2295747e+00
   5.8100000e+09   1.2285161e+00
   5.8200000e+09   1.2274602e+00
   5.8300000e+09   1.2264070e+00
   5.8400000e+09   1.2253566e+00
   5.8500000e+09   1.2243088e+00
   5.8600000e+09   1.2232637e+00
   5.8700000e+09   1.2222213e+00
   5.8800000e+09   1.2211816e+00
   5.8900000e+09   1.2201445e+00
   5.9000000e+09   1.2191100e+00
   5.9100000e+09   1.2180782e+00
   5.9200000e+09   1.2170490e+00
   5.9300000e+09   1.2160224e+00
   5.9400000e+09   1.2149984e+00
   5.9500000e+09   1.2139769e+00
   5.9600000e+09   1.2129581e+00
   5.9700000e+09   1.2119417e+00
   5.9800000e+09   1.2109280e+00
   5.9900000e+09   1.2099168e+00
   6.0000000e+09   1.2089081e+00
   6.0100000e+09   1.2079019e+00
   6.0200000e+09   1.2068983e+00
   6.0300000e+09   1.2058971e+00
   6.0400000e+09   1.2048984e+00
   6.0500000e+09   1.2039022e+00
   6.0600000e+09   1.2029085e+00
   6.0700000e+09   1.2019172e+00
   6.0800000e+09   1.2009284e+00
   6.0900000e+09   1.1999420e+00
   6.1000000e+09   1.1989581e+00
   6.1100000e+09   1.1979765e+00
   6.1200000e+09   1.1969974e+00
   6.1300000e+09   1.1960206e+00
   6.1400000e+09   1.1950463e+00
   6.1500000e+09   1.1940743e+00
   6.1600000e+09   1.1931047e+00
   6.1700000e+09   1.1921374e+00
   6.1800000e+09   1.1911725e+00
   6.1900000e+09   1.1902100e+00
   6.2000000e+09   1.1892497e+00
   6.2100000e+09   1.1882918e+00
   6.2200000e+09   1.1873362e+00
   6.2300000e+09   1.1863829e+00
   6.2400000e+09   1.1854319e+00
   6.2500000e+09   1.1844832e+00
   6.2600000e+09   1.1835367e+00
   6.2700000e+09   1.1825926e+00
   6.2800000e+09   1.1816506e+00
   6.2900000e+09   1.1807109e+00
   6.3000000e+09   1.1797735e+00
   6.3100000e+09   1.1788383e+00
   6.3200000e+09   1.1779053e+00
   6.3300000e+09   1.1769745e+00
   6.3400000e+09   1.1760459e+00
   6.3500000e+09   1.1751195e+00
   6.3600000e+09   1.1741953e+00
   6.3700000e+09   1.1732733e+00
   6.3800000e+09   1.1723535e+00
   6.3900000e+09   1.1714358e+00
   6.4000000e+09   1.1705202e+00
   6.4100000e+09   1.1696068e+00
   6.4200000e+09   1.1686956e+00
   6.4300000e+09   1.1677864e+00
   6.4400000e+09   1.1668794e+00
   6.4500000e+09   1.1659745e+00
   6.4600000e+09   1.1650717e+00
   6.4700000e+09   1.1641710e+00
   6.4800000e+09   1.1632724e+00
   6.4900000e+09   1.1623758e+00
   6.5000000e+09   1.1614813e+00
   6.5100000e+09   1.1605889e+00
   6.5200000e+09   1.1596985e+00
   6.5300000e+09   1.1588102e+00
   6.5400000e+09   1.1579240e+00
   6.5500000e+09   1.1570397e+00
   6.5600000e+09   1.1561575e+00
   6.5700000e+09   1.1552773e+00
   6.5800000e+09   1.1543991e+00
   6.5900000e+09   1.1535229e+00
   6.6000000e+09   1.1526486e+00
   6.6100000e+09   1.1517764e+00
   6.6200000e+09   1.1509062e+00
   6.6300000e+09   1.1500379e+00
   6.6400000e+09   1.1491716e+00
   6.6500000e+09   1.1483072e+00
   6.6600000e+09   1.1474448e+00
   6.6700000e+09   1.1465843e+00
   6.6800000e+09   1.1457258e+00
   6.6900000e+09   1.1448691e+00
   6.7000000e+09   1.1440145e+00
   6.7100000e+09   1.1431617e+00
   6.7200000e+09   1.1423108e+00
   6.7300000e+09   1.1414618e+00
   6.7400000e+09   1.1406147e+00
   6.7500000e+09   1.1397695e+00
   6.7600000e+09   1.1389261e+00
   6.7700000e+09   1.1380847e+00
   6.7800000e+09   1.1372451e+00
   6.7900000e+09   1.1364073e+00
   6.8000000e+09   1.1355714e+00
   6.8100000e+09   1.1347374e+00
   6.8200000e+09   1.1339051e+00
   6.8300000e+09   1.1330747e+00
   6.8400000e+09   1.1322462e+00
   6.8500000e+09   1.1314194e+00
   6.8600000e+09   1.1305945e+00
   6.8700000e+09   1.1297713e+00
   6.8800000e+09   1.1289500e+00
   6.8900000e+09   1.1281304e+00
   6.9000000e+09   1.1273126e+00
   6.9100000e+09   1.1264966e+00
   6.9200000e+09   1.1256824e+00
   6.9300000e+09   1.1248699e+00
   6.9400000e+09   1.1240592e+00
   6.9500000e+09   1.1232502e+00
   6.9600000e+09   1.1224430e+00
   6.9700000e+09   1.1216375e+00
   6.9800000e+09   1.1208338e+00
   6.9900000e+09   1.1200317e+00
   7.0000000e+09   1.1192314e+00
   7.0100000e+09   1.1184328e+00
   7.0200000e+09   1.1176359e+00
   7.0300000e+09   1.1168407e+00
   7.0400000e+09   1.1160473e+00
   7.0500000e+09   1.1152554e+00
   7.0600000e+09   1.1144653e+00
   7.0700000e+09   1.1136769e+00
   7.0800000e+09   1.1128901e+00
   7.0900000e+09   1.1121050e+00
   7.1000000e+09   1.1113216e+00
   7.1100000e+09   1.1105398e+00
   7.1200000e+09   1.1097596e+00
   7.1300000e+09   1.1089811e+00
   7.1400000e+09   1.1082042e+00
   7.1500000e+09   1.1074290e+00
   7.1600000e+09   1.1066554e+00
   7.1700000e+09   1.1058834e+00
   7.1800000e+09   1.1051130e+00
   7.1900000e+09   1.1043442e+00
   7.2000000e+09   1.1035771e+00
   7.2100000e+09   1.1028115e+00
   7.2200000e+09   1.1020475e+00
   7.2300000e+09   1.1012851e+00
   7.2400000e+09   1.1005243e+00
   7.2500000e+09   1.0997650e+00
   7.2600000e+09   1.0990074e+00
   7.2700000e+09   1.0982512e+00
   7.2800000e+09   1.0974967e+00
   7.2900000e+09   1.0967437e+00
   7.3000000e+09   1.0959922e+00
   7.3100000e+09   1.0952423e+00
   7.3200000e+09   1.0944940e+00
   7.3300000e+09   1.0937471e+00
   7.3400000e+09   1.0930018e+00
   7.3500000e+09   1.0922580e+00
   7.3600000e+09   1.0915157e+00
   7.3700000e+09   1.0907750e+00
   7.3800000e+09   1.0900357e+00
   7.3900000e+09   1.0892980e+00
   7.4000000e+09   1.0885617e+00
   7.4100000e+09   1.0878269e+00
   7.4200000e+09   1.0870936e+00
   7.4300000e+09   1.0863618e+00
   7.4400000e+09   1.0856315e+00
   7.4500000e+09   1.0849027e+00
   7.4600000e+09   1.0841753e+00
   7.4700000e+09   1.0834493e+00
   7.4800000e+09   1.0827249e+00
   7.4900000e+09   1.0820018e+00
   7.5000000e+09   1.0812803e+00
   7.5100000e+09   1.0805601e+00
   7.5200000e+09   1.0798414e+00
   7.5300000e+09   1.0791242e+00
   7.5400000e+09   1.0784083e+00
   7.5500000e+09   1.0776939e+00
   7.5600000e+09   1.0769809e+00
   7.5700000e+09   1.0762693e+00
   7.5800000e+09   1.0755592e+00
   7.5900000e+09   1.0748504e+00
   7.6000000e+09   1.0741430e+00
   7.6100000e+09   1.0734371e+00
   7.6200000e+09   1.0727325e+00
   7.6300000e+09   1.0720293e+00
   7.6400000e+09   1.0713274e+00
   7.6500000e+09   1.0706270e+00
   7.6600000e+09   1.0699279e+00
   7.6700000e+09   1.0692302e+00
   7.6800000e+09   1.0685339e+00
   7.6900000e+09   1.0678389e+00
   7.7000000e+09   1.0671453e+00
   7.7100000e+09   1.0664530e+00
   7.7200000e+09   1.0657621e+00
   7.7300000e+09   1.0650725e+00
   7.7400000e+09   1.0643842e+00
   7.7500000e+09   1.0636973e+00
   7.7600000e+09   1.0630117e+00
   7.7700000e+09   1.0623274e+00
   7.7800000e+09   1.0616445e+00
   7.7900000e+09   1.0609629e+00
   7.8000000e+09   1.0602825e+00
   7.8100000e+09   1.0596035e+00
   7.8200000e+09   1.0589258e+00
   7.8300000e+09   1.0582494e+00
   7.8400000e+09   1.0575743e+00
   7.8500000e+09   1.0569005e+00
   7.8600000e+09   1.0562279e+00
   7.8700000e+09   1.0555566e+00
   7.8800000e+09   1.0548867e+00
   7.8900000e+09   1.0542180e+00
   7.9000000e+09   1.0535505e+00
   7.9100000e+09   1.0528843e+00
   7.9200000e+09   1.0522194e+00
   7.9300000e+09   1.0515558e+00
   7.9400000e+09   1.0508934e+00
   7.9500000e+09   1.0502322e+00
   7.9600000e+09   1.0495723e+00
   7.9700000e+09   1.0489137e+00
   7.9800000e+09   1.0482563e+00
   7.9900000e+09   1.0476001e+00
   8.0000000e+09   1.0469451e+00
   8.0100000e+09   1.0462914e+00
   8.0200000e+09   1.0456389e+00
   8.0300000e+09   1.0449876e+00
   8.0400000e+09   1.0443375e+00
   8.0500000e+09   1.0436887e+00
   8.0600000e+09   1.0430410e+00
   8.0700000e+09   1.0423946e+00
   8.0800000e+09   1.0417493e+00
   8.0900000e+09   1.0411053e+00
   8.1000000e+09   1.0404624e+00
   8.1100000e+09   1.0398208e+00
   8.1200000e+09   1.0391803e+00
   8.1300000e+09   1.0385410e+00
   8.1400000e+09   1.0379029e+00
   8.1500000e+09   1.0372659e+00
   8.1600000e+09   1.0366301e+00
   8.1700000e+09   1.0359955e+00
   8.1800000e+09   1.0353621e+00
   8.1900000e+09   1.0347298e+00
   8.2000000e+09   1.0340987e+00
   8.2100000e+09   1.0334687e+00
   8.2200000e+09   1.0328399e+00
   8.2300000e+09   1.0322122e+00
   8.2400000e+09   1.0315857e+00
   8.2500000e+09   1.0309603e+00
   8.2600000e+09   1.0303360e+00
   8.2700000e+09   1.0297129e+00
   8.2800000e+09   1.0290909e+00
   8.2900000e+09   1.0284700e+00
   8.3000000e+09   1.0278503e+00
   8.3100000e+09   1.0272317e+00
   8.3200000e+09   1.0266142e+00
   8.3300000e+09   1.0259978e+00
   8.3400000e+09   1.0253825e+00
   8.3500000e+09   1.0247683e+00
   8.3600000e+09   1.0241552e+00
   8.3700000e+09   1.0235432e+00
   8.3800000e+09   1.0229323e+00
   8.3900000e+09   1.0223225e+00
   8.4000000e+09   1.0217138e+00
   8.4100000e+09   1.0211062e+00
   8.4200000e+09   1.0204997e+00
   8.4300000e+09   1.0198942e+00
   8.4400000e+09   1.0192898e+00
   8.4500000e+09   1.0186865e+00
   8.4600000e+09   1.0180843e+00
   8.4700000e+09   1.0174831e+00
   8.4800000e+09   1.0168830e+00
   8.4900000e+09   1.0162839e+00
   8.5000000e+09   1.0156860e+00
   8.5100000e+09   1.0150890e+00
   8.5200000e+09   1.0144931e+00
   8.5300000e+09   1.0138983e+00
   8.5400000e+09   1.0133045e+00
   8.5500000e+09   1.0127118e+00
   8.5600000e+09   1.0121201e+00
   8.5700000e+09   1.0115294e+00
   8.5800000e+09   1.0109397e+00
   8.5900000e+09   1.0103511e+00
   8.6000000e+09   1.0097635e+00
   8.6100000e+09   1.0091770e+00
   8.6200000e+09   1.0085914e+00
   8.6300000e+09   1.0080069e+00
   8.6400000e+09   1.0074234e+00
   8.6500000e+09   1.0068409e+00
   8.6600000e+09   1.0062594e+00
   8.6700000e+09   1.0056790e+00
   8.6800000e+09   1.0050995e+00
   8.6900000e+09   1.0045210e+00
   8.7000000e+09   1.0039435e+00
   8.7100000e+09   1.0033670e+00
   8.7200000e+09   1.0027916e+00
   8.7300000e+09   1.0022171e+00
   8.7400000e+09   1.0016435e+00
   8.7500000e+09   1.0010710e+00
   8.7600000e+09   1.0004995e+00
   8.7700000e+09   9.9992889e-01
   8.7800000e+09   9.9935929e-01
   8.7900000e+09   9.9879066e-01
   8.8000000e+09   9.9822301e-01
   8.8100000e+09   9.9765632e-01
   8.8200000e+09   9.9709059e-01
   8.8300000e+09   9.9652583e-01
   8.8400000e+09   9.9596202e-01
   8.8500000e+09   9.9539917e-01
   8.8600000e+09   9.9483728e-01
   8.8700000e+09   9.9427633e-01
   8.8800000e+09   9.9371633e-01
   8.8900000e+09   9.9315728e-01
   8.9000000e+09   9.9259917e-01
   8.9100000e+09   9.9204200e-01
   8.9200000e+09   9.9148577e-01
   8.9300000e+09   9.9093047e-01
   8.9400000e+09   9.9037610e-01
   8.9500000e+09   9.8982266e-01
   8.9600000e+09   9.8927015e-01
   8.9700000e+09   9.8871857e-01
   8.9800000e+09   9.8816790e-01
   8.9900000e+09   9.8761816e-01
   9.0000000e+09   9.8706933e-01
   9.0100000e+09   9.8652141e-01
   9.0200000e+09   9.8597441e-01
   9.0300000e+09   9.8542831e-01
   9.0400000e+09   9.8488312e-01
   9.0500000e+09   9.8433884e-01
   9.0600000e+09   9.8379546e-01
   9.0700000e+09   9.8325297e-01
   9.0800000e+09   9.8271138e-01
   9.0900000e+09   9.8217069e-01
   9.1000000e+09   9.8163089e-01
   9.1100000e+09   9.8109197e-01
   9.1200000e+09   9.8055395e-01
   9.1300000e+09   9.8001680e-01
   9.1400000e+09   9.7948054e-01
   9.1500000e+09   9.7894516e-01
   9.1600000e+09   9.7841066e-01
   9.1700000e+09   9.7787703e-01
   9.1800000e+09   9.7734427e-01
   9.1900000e+09   9.7681238e-01
   9.2000000e+09   9.7628136e-01
   9.2100000e+09   9.7575121e-01
   9.2200000e+09   9.7522191e-01
   9.2300000e+09   9.7469348e-01
   9.2400000e+09   9.7416591e-01
   9.2500000e+09   9.7363919e-01
   9.2600000e+09   9.7311332e-01
   9.2700000e+09   9.7258831e-01
   9.2800000e+09   9.7206414e-01
   9.2900000e+09   9.7154082e-01
   9.3000000e+09   9.7101835e-01
   9.3100000e+09   9.7049672e-01
   9.3200000e+09   9.6997593e-01
   9.3300000e+09   9.6945597e-01
   9.3400000e+09   9.6893685e-01
   9.3500000e+09   9.6841856e-01
   9.3600000e+09   9.6790111e-01
   9.3700000e+09   9.6738448e-01
   9.3800000e+09   9.6686868e-01
   9.3900000e+09   9.6635370e-01
   9.4000000e+09   9.6583955e-01
   9.4100000e+09   9.6532621e-01
   9.4200000e+09   9.6481370e-01
   9.4300000e+09   9.6430199e-01
   9.4400000e+09   9.6379111e-01
   9.4500000e+09   9.6328103e-01
   9.4600000e+09   9.6277176e-01
   9.4700000e+09   9.6226330e-01
   9.4800000e+09   9.6175564e-01
   9.4900000e+09   9.6124879e-01
   9.5000000e+09   9.6074273e-01
   9.5100000e+09   9.6023748e-01
   9.5200000e+09   9.5973302e-01
   9.5300000e+09   9.5922936e-01
   9.5400000e+09   9.5872648e-01
   9.5500000e+09   9.5822440e-01
   9.5600000e+09   9.5772311e-01
   9.5700000e+09   9.5722260e-01
   9.5800000e+09   9.5672287e-01
   9.5900000e+09   9.5622393e-01
   9.6000000e+09   9.5572577e-01
   9.6100000e+09   9.5522838e-01
   9.6200000e+09   9.5473177e-01
   9.6300000e+09   9.5423594e-01
   9.6400000e+09   9.5374087e-01
   9.6500000e+09   9.5324658e-01
   9.6600000e+09   9.5275305e-01
   9.6700000e+09   9.5226029e-01
   9.6800000e+09   9.5176829e-01
   9.6900000e+09   9.5127706e-01
   9.7000000e+09   9.5078658e-01
   9.7100000e+09   9.5029686e-01
   9.7200000e+09   9.4980790e-01
   9.7300000e+09   9.4931970e-01
   9.7400000e+09   9.4883224e-01
   9.7500000e+09   9.4834553e-01
   9.7600000e+09   9.4785958e-01
   9.7700000e+09   9.4737437e-01
   9.7800000e+09   9.4688990e-01
   9.7900000e+09   9.4640618e-01
   9.8000000e+09   9.4592319e-01
   9.8100000e+09   9.4544095e-01
   9.8200000e+09   9.4495944e-01
   9.8300000e+09   9.4447867e-01
   9.8400000e+09   9.4399863e-01
   9.8500000e+09   9.4351932e-01
   9.8600000e+09   9.4304074e-01
   9.8700000e+09   9.4256289e-01
   9.8800000e+09   9.4208576e-01
   9.8900000e+09   9.4160936e-01
   9.9000000e+09   9.4113368e-01
   9.9100000e+09   9.4065872e-01
   9.9200000e+09   9.4018447e-01
   9.9300000e+09   9.3971095e-01
   9.9400000e+09   9.3923814e-01
   9.9500000e+09   9.3876604e-01
   9.9600000e+09   9.3829465e-01
   9.9700000e+09   9.3782398e-01
   9.9800000e+09   9.3735401e-01
   9.9900000e+09   9.3688474e-01
   1.0000000e+10   9.3641618e-01
